input for-distance for shortest connection 

0 1382 259 1373 1302 639 1182 1218 1936 1804 1806 1271 1805 1976 1797 826
1382 0 1342 574 2468 1223 2452 2489 1057 716 718 254 718 1098 709 2057
259 1342 0 1244 1493 804 1195 1231 1794 1674 1677 1284 1676 1835 1668 959
1373 574 1244 0 2611 1527 2404 244 633 43 433 2493 432 673 424 2184
1302 2468 1493 2611 0 1318 977 939 3174 3012 3015 868 3014 3215 3006 723
639 1223 804 1527 1318 0 145 1487 2087 1785 1788 1539 1787 2128 1779 1055
1182 2452 1195 2404 977 145 0 55 292 2818 2821 107 282 296 2811 399
1218 2489 1231 244 939 1487 55 0 290 285 2852 71 2851 294 2843 446
1936 1057 1794 633 3174 2087 292 290 0 438 413 2968 457 7 435 2733
1804 716 1674 43 3012 1785 2818 285 438 0 45 2915 19 408 26 2604
1806 718 1677 433 3015 1788 2821 2852 413 45 0 2917 5 389 26 2607
1271 254 1284 2493 868 1539 107 71 2968 2915 2917 0 291 2999 2902 495
1805 718 1676 432 3014 1787 282 2851 457 19 5 291 0 426 33 2605
1976 1098 1835 673 3215 2128 296 294 7 408 389 2999 426 0 408 2775
1797 709 1668 424 3006 1779 2811 2843 435 26 26 2902 33 408 0 2597
826 2057 959 2184 723 1055 399 446 2733 2604 2607 495 2605 2775 2597 0






 
 input for- time for shortest connection
 
 0 161 31 155 124 73 137 140 206 206 207 148 207 207 205 90
 161 0 137 61 240 137 222 232 99 88 88 234 88 100 87 193
 31 137 0 132 136 90 130 134 161 183 184 142 184 163 182 94
 155 61 132 0 263 156 251 255 62 51 52 262 52 63 50 250
 124 240 136 263 0 131 89 86 314 286 286 76 286 315 285 85
 73 137 90 156 131 0 125 125 195 181 182 137 182 196 180 95
 137 222 130 251 89 125 0 8 208 299 300 16 300 219 298 30
 140 232 134 255 86 125 8 0 203 211 211 10 211 205 210 37
 206 99 161 62 314 195 208 203 0 49 43 199 52 6 47 248
 206 88 183 51 286 181 299 211 49 0 7 204 3 45 4 237
 207 88 184 52 286 182 300 211 43 7 0 204 8 44 5 237
 148 234 142 262 76 137 16 10 199 204 204 0 208 201 206 43
 207 88 184 52 286 182 300 211 52 3 8 208 0 47 6 237
 207 100 163 63 315 196 219 205 6 45 44 201 47 0 45 248
 205 87 182 50 285 180 298 210 47 4 5 206 6 45 0 236
 90 193 94 250 85 95 30 37 248 237 237 43 237 248 236 0




input for -distance for fastest connection

 0 1498 262 1603 1331 662 129 1262 2156 207 2059 1332 2065 2196 2052 895
 1498 0 1417 584 2559 139 3105 3077 1109 808 806 3147 803 115 794 2124
 262 1417 0 1345 1515 822 1452 1423 1897 1812 180 1494 1807 1938 1794 963
 1603 584 1345 0 2806 1717 2684 2655 671 449 544 2726 444 712 435 2371
 1331 2559 1515 2806 0 1469 1014 973 3931 3294 3282 902 3289 3971 3276 815
 662 139 822 1717 1469 0 1459 1501 2296 221 2199 1553 2206 2337 2192 1064
 129 3105 1452 2684 1014 1459 0 55 3009 2975 2963 116 297 305 2957 403
 1262 3077 1423 2655 973 1501 55 0 2994 296 2949 79 2955 3035 2942 456
 2156 1109 1897 671 3931 2296 3009 2994 0 51 428 3053 479 7 452 2948
 207 808 1812 449 3294 221 2975 296 51 0 46 301 19 561 26 2854
 2059 806 180 544 3282 2199 2963 2949 428 46 0 3004 51 468 28 2849
 1332 3147 1494 2726 902 1553 116 79 3053 301 3004 0 301 3089 2996 507
 2055 803 1807 444 3289 2206 297 2955 479 19 51 301 0 53 35 2857
 2166 115 1938 712 3971 2337 305 3035 7 561 468 3089 53 0 492 2989
 2052 794 1794 435 3276 2192 2957 2942 452 26 28 2996 35 492 0 2841
 895 2124 963 2371 815 1064 403 456 2948 2854 2849 507 2857 2989 2841 0 




input for- time for fastest connection

 0 123 30 113 106 67 101 97 136 135 131 99 135 137 133 74
 123 0 120 60 207 180 184 179 91 76 76 181 75 92 75 175
 30 120 0 110 130 86 101 96 133 132 129 99 132 135 131 93
 113 60 110 0 207 187 221 216 53 48 49 159 47 55 46 176
 103 207 130 207 0 123 70 65 223 228 225 58 228 225 226 73
 67 180 86 187 123 0 122 127 149 148 145 131 148 150 146 93
 101 184 101 221 70 122 0 8 172 178 175 13 178 173 177 30
 97 179 96 216 65 127 8 0 168 174 171 8 174 169 173 36
 136 91 133 53 223 149 172 168 0 37 31 170 38 6 35 199
 135 76 132 48 228 148 178 174 37 0 7 177 3 39 4 197
 131 76 129 49 225 145 175 171 31 7 0 176 8 33 5 196
 99 181 99 159 58 131 13 8 170 177 176 0 176 171 175 40
 135 75 132 47 228 148 178 174 38 3 8 176 0 40 6 197
 137 92 135 55 225 150 173 169 6 39 33 171 40 0 37 200
 133 75 131 46 226 146 177 173 35 4 5 175 6 37 0 196
 74 175 93 176 73 93 30 36 199 197 196 40 197 200 196 0 

 

